5.889248767556108
7.199031174130396
14.355581845839438
26.984845141955287
10.47999971218076
17.365367157739694
13.929213904751393
14.03502081958807
13.154328287064025
11.431152907493589
12.563624973894774
12.064010236516236
10.578659117079019
9.220941075107332
11.660906121177034
9.061438524185638
12.238034251563583
11.682294005563032
10.777763663141902
9.167741227672204
12.366140031863338
12.124409742661582
12.780829793757961
11.596454912784147
12.369236056524983
9.200660088761454
13.594994291550305
12.903385260680698
13.520219727222589
12.60142678506961
10.296462404288057
10.837991160781497
10.732356253695386
10.38395676513113
11.00800688852502
12.762128452543948
11.935729666871273
11.608630997933632
12.140329244279005
9.581582951216113
9.846839316951119
12.083991335056824
10.944148190644993
9.625515979429231
9.285265954037289
8.585686272068903
8.792961909958594
10.35603652649788
10.217903988245093
10.104889173991658
8.724646301169395
8.610860490255588
8.648330495255315
9.991720450728234
10.498312952444405
7.4908833805712725
9.629041143569642
11.808804240818302
6.138478632303083
5.267758394420357
6.0490334854626235
3.7809220138641724
2.897894779150403
3.9858582095175703
3.1902615116490196
2.734699143680157
2.930845847341303
3.424994107812546
3.8492041349264334
3.7441750253615105
4.504223882131159
2.708864654817478
3.4510108420470584
2.953116358973818
3.6158862046245113
4.163757488263547
4.508919540104048
8.498016840472891
7.636661742995256
7.064189594394904
7.6324257085759655
7.144287057862561
5.229573702456962
4.98162535168335
4.405045944939595
6.226068302682036
4.704843860827793
5.94536547816479
6.843527557980686
6.952343459240606
5.813530955588013
5.385609195163313
4.588599816501125
5.253144350682212
5.325186793883533
5.482938308262685
6.545935302303692
8.413641295122439
5.235840845163339
5.927303134204983
7.065146448467513
7.105252072475206
9.148579477088385
33.069214809475156
6.236797600303214
9.934460862955403
11.545103495658097
9.92590261476778
2.332216109403124
1.9737477103157888
21.414586903768516
3.914619299012294
3.952772142891479
7.559997938309419
6.162402554914741
5.914619226477145
8.020452929862135
10.575339923042229
5.7693807128770285
6.191845373620703
4.063358837405087
4.7011166797048265
3.2496072800909657
3.50439297720304
3.462137572639664
3.444824472807677
3.92810295789378
3.3856177584613363
1.5940698627646972
2.8021663187465937
2.050363099679134
3.049183990276607
10.173421496317133
5.716730646296254
15.696206145048057
11.762339861838894
6.519467728761242
5.4611902111191135
4.573734758305503
6.861532387746216
6.17139542761454
28.668679356041483
12.478537772299633
6.833970809866102
5.419099525999608
6.122567979976649
4.349178734477043
9.27224834095995
7.1279514014344505
8.677590407365479
4.299283732092543
5.82028139716764
11.455594738039483
18.051088517622002
7.554045613910064
6.4960538380584145
5.143248450236579
5.46818334117344
25.578002264323974
101.75208042191905
